50	1997.3574
51.195427	2605.4426
52.390854	2955.2759
53.586277	3607.3823
54.781704	3810.5415
55.977131	3861.9841
57.172558	4015.2773
58.367985	3914.8625
59.563408	3534.6594
60.758835	3206.5845
61.954262	2893.8494
63.149689	2559.0115
64.345116	2179.7246
65.540543	1720.844
66.73597	1352.9653
67.931396	1123.7683
69.126816	1087.2015
70.322243	1049.9
71.51767	1333.201
72.713097	1613.5109
73.908524	2479.1721
75.103951	3039.7104
76.299377	3727.1091
77.494804	4558.9556
78.690231	5094.6089
79.885658	5313.8911
81.081078	5284.4541
82.276505	5147.1543
83.471931	4906.4893
84.667358	4573.021
85.862785	4553.5688
87.058212	4121.7046
88.253639	3880.0938
89.449066	3934.0283
90.644493	3724.1248
91.83992	3554.5845
93.035339	3568.3979
94.230766	3362.1448
95.426193	3383.8408
96.62162	3511.9336
97.817047	3842.8757
99.012474	5080.5952
100.2079	6974.6743
101.40333	8379.6572
102.59875	7110.2656
103.79418	4460.6572
104.98961	2816.782
106.18503	2046.7556
107.38046	1650.6899
108.57588	1415.052
109.77131	1505.7715
110.96674	1454.5573
112.16216	1341.5775
113.35759	1292.7365
114.55302	1221.3524
115.74844	1240.6071
116.94387	1300.9984
118.13929	1323.1106
119.33472	1237.5078
120.53014	1211.9441
121.72557	1159.8022
122.921	1472.5138
124.11642	1276.7411
125.31185	1467.2672
126.50728	1322.4496
127.70271	1317.8136
128.89813	1378.9784
130.09355	1316.2136
131.28899	1380.0715
132.48441	1423.5042
133.67984	1362.3972
134.87526	1417.484
136.07068	1502.4088
137.26611	1562.6554
138.46153	1412.0411
139.65697	1420.3561
140.85239	1475.687
142.04782	1584.1641
143.24324	1299.6143
144.43867	1369.5386
145.63409	1497.1489
146.82953	1533.5342
148.02495	1599.7303
149.22037	1568.9462
150.4158	1513.9818
151.61122	1395.8383
152.80666	1344.8602
154.00208	1425.4275
155.19751	1325.1792
156.39293	1396.0991
157.58836	1445.0597
158.78378	1225.9034
159.97922	1274.3289
161.17464	1179.5457
162.37006	1357.3641
163.56549	1381.7738
164.76091	1429.1021
165.95634	1495.7539
167.15176	1499.4707
168.3472	1417.5953
169.54262	1376.0504
170.73805	1349.4895
171.93347	1258.7161
173.12889	1361.8197
174.32433	1306.786
175.51974	1343.8174
176.71518	1354.9575
177.9106	1486.7487
179.10603	1383.5939
180.30145	1408.4358
181.49689	1511.7419
182.69231	1584.2927
183.88774	1469.2201
185.08316	1512.2631
186.27858	1452.0034
187.47401	1406.8135
188.66943	1422.2745
189.86487	1514.1666
191.06029	1537.4519
192.25572	1435.0745
193.45114	1423.0355
194.64658	1414.0897
195.842	1363.7518
197.03741	1450.7129
198.23285	1523.6831
199.42827	1489.4137
200.6237	1484.1769
201.81912	1387.218
203.01456	1418.696
204.20998	1393.1727
205.40541	1604.7152
206.60083	1529.6665
207.79626	1557.1152
208.99168	1418.0117
210.1871	1410.2599
211.38254	1457.6969
212.57796	1355.8025
213.77339	1334.8704
214.96881	1314.2416
216.16425	1274.1141
217.35966	1370.9971
218.5551	1383.2896
219.75052	1266.2604
220.94595	1446.3165
222.14137	1367.4747
223.33679	1345.2678
224.53223	1355.449
225.72765	1336.4647
226.92308	1242.1713
228.1185	1375.0894
229.31393	1286.6846
230.50935	1314.9757
231.70479	1409.0729
232.90021	1281.8933
234.09563	1302.0535
235.29106	1316.6644
236.48648	1308.7504
237.68192	1406.7499
238.87733	1355.3926
240.07277	1329.1851
241.26819	1346.6051
242.46362	1320.7921
243.65904	1262.0403
244.85448	1252.1648
246.0499	1328.2274
247.24532	1307.9091
248.44075	1304.9438
249.63617	1334.0747
250.8316	1420.082
252.02702	1312.2775
253.22246	1353.2301
254.41788	1368.9529
255.61331	1270.1516
256.80875	1317.0243
258.00415	1354.3217
259.19958	1236.7041
260.39502	1273.2231
261.59042	1333.3152
262.78586	1177.4452
263.98129	1200.0732
265.17673	1097.6543
266.37213	951.8399
267.56757	1105.8019
268.763	993.53534
269.95844	948.44263
271.15384	960.74536
272.34927	1058.1664
273.54471	895.66351
274.74011	738.70648
275.93555	899.03564
277.13098	849.22614
278.32642	919.81903
279.52182	924.33661
280.71725	860.11694
281.91269	771.42267
283.10809	831.13953
284.30353	914.56635
285.49896	833.1084
286.6944	859.66803
287.8898	845.42194
289.08524	831.79218
290.28067	891.86157
291.4761	762.79425
292.67151	818.61261
293.86694	691.07855
295.06238	884.92334
296.25778	1055.7358
297.45322	769.31891
298.64865	516.48792
299.84409	734.70581
301.03949	621.57104
302.23492	497.63849
303.43036	575.62585
304.62579	607.6601
305.8212	460.52145
307.01663	528.9776
308.21207	664.54114
309.40747	670.94543
310.60291	836.70044
311.79834	884.28351
312.99377	851.98181
314.18918	815.39783
315.38461	803.3891
316.58005	875.60895
317.77548	872.94983
318.97089	972.8092
320.16632	955.55829
321.36176	865.70197
322.55716	1120.6375
323.75259	1144.1913
324.94803	1198.4658
326.14346	1378.5
327.33887	1361.3691
328.5343	1317.548
329.72974	1410.3772
330.92517	1303.9446
332.12057	1418.4114
333.31601	1514.8168
334.51144	1546.0892
335.70685	1662.2124
336.90228	1527.3325
338.09772	1516.068
339.29315	1566.8209
340.48856	1445.6296
341.68399	1362.7791
342.87943	1344.9501
344.07483	1422.8505
345.27026	1287.5057
346.4657	1372.4248
347.66113	1305.0001
348.85654	1165.8575
350.05197	1201.4933
351.24741	1159.3948
352.44284	990.48175
353.63824	979.80597
354.83368	1051.7914
356.02911	983.4552
357.22452	1016.0623
358.41995	1013.6292
359.61539	1139.2958
360.81082	1110.6987
362.00623	1017.9894
363.20166	894.02124
364.39709	907.5882
365.59253	1068.2333
366.78793	931.99664
367.98337	893.38007
369.1788	831.38843
370.37421	848.78064
371.56964	787.54297
372.76508	877.48883
373.96051	1048.6613
375.15591	981.77228
376.35135	857.74158
377.54678	813.625
378.74222	1090.0864
379.93762	898.57635
381.13306	868.33868
382.32849	932.88611
383.5239	812.21191
384.71933	1032.5172
385.91476	852.96307
387.1102	967.56915
388.3056	978.5473
389.50104	1025.8564
390.69647	832.07581
391.89191	852.36542
393.08731	764.93738
394.28275	1006.0004
395.47818	1039.0283
396.67358	1025.819
397.86902	982.65161
399.06445	879.6131
400.25989	968.9848
401.45529	1053.0294
402.65073	892.46747
403.84616	873.60474
405.04156	928.55554
406.237	1150.5093
407.43243	1187.3068
408.62787	1073.8268
409.82327	1011.8948
411.01871	985.32507
412.21414	966.12256
413.40958	945.64264
414.60498	981.61298
415.80042	946.90656
416.99585	1057.4618
418.19125	953.57666
419.38669	957.50696
420.58212	892.43719
421.77756	1149.2581
422.97296	1151.6738
424.1684	1212.022
425.36383	1012.0421
426.55927	1085.5154
427.75467	1386.2435
428.9501	1574.6346
430.14554	2076.2056
431.34094	2158.2893
432.53638	2441.8406
433.73181	2886.427
434.92725	3164.9551
436.12265	3573.6519
437.31808	4047.1331
438.51352	4729.6294
439.70895	5189.7046
440.90436	5046.9404
442.09979	4189.0034
443.29523	3298.1069
444.49063	2512.6287
445.68607	1942.056
446.8815	1514.6671
448.07693	1310.9463
449.27234	1149.9015
450.46777	1019.8095
451.66321	1062.0457
452.85864	1040.3599
454.05405	1211.8035
455.24948	1298.8403
456.44492	1493.0764
457.64032	1583.9302
458.83575	1755.8459
460.03119	2085.2305
461.22662	2425.9861
462.42203	2711.1094
463.61746	3137.3494
464.8129	3661.562
466.0083	3741.1228
467.20374	3764.437
468.39917	3689.2278
469.5946	3459.3115
470.79001	3144.3567
471.98544	2534.8389
473.18088	2242.3796
474.37631	1775.151
475.57172	1973.3134
476.76715	1815.9752
477.96259	1710.8402
479.15799	1572.733
480.35342	1481.6801
481.54886	1302.9747
482.74429	1358.078
483.9397	1362.174
485.13513	1012.3046
486.33057	1125.4547
487.526	1194.9017
488.72141	1071.15
489.91684	1108.9838
491.11227	982.36444
492.30768	893.69476
493.50311	986.32538
494.69855	1019.8583
495.89398	993.90308
497.08939	909.76459
498.28482	1009.5593
499.48026	905.2876
500.67569	905.77368
501.87109	867.59619
503.06653	954.44165
504.26196	859.75586
505.45737	737.51196
506.6528	762.58398
507.84824	770.62482
509.04367	650.29449
510.23907	798.29663
511.43451	930.32184
512.62994	905.0423
513.82538	846.005
515.02081	802.26453
516.21619	975.86084
517.41162	832.16339
518.60706	598.16119
519.80249	532.94031
520.99792	519.14905
522.19336	606.46326
523.38879	569.36737
524.58423	484.78314
525.7796	862.6842
526.97504	780.83044
528.17047	644.00403
529.36591	567.30658
530.56134	619.73016
531.75677	591.47406
532.95221	463.99146
534.14758	614.07996
535.34302	578.07782
536.53845	344.36078
537.73389	631.63684
538.92932	667.76221
540.12476	744.28607
541.32019	789.763
542.51556	805.11572
543.711	707.3974
544.90643	630.49152
546.10187	742.41382
547.2973	830.8595
548.49274	607.77399
549.68817	766.2002
550.88361	690.00525
552.07898	866.69
553.27441	741.08881
554.46985	651.36267
555.66528	641.62476
556.86072	707.73456
558.05615	548.25842
559.25159	647.04004
560.44696	667.11542
561.6424	869.57672
562.83783	628.82324
564.03326	694.6283
565.2287	615.94513
566.42413	784.94165
567.61957	781.69202
568.81494	897.11115
570.01038	811.45526
571.20581	704.63928
572.40125	707.76862
573.59668	712.11273
574.79211	795.10535
575.98755	857.7854
577.18292	693.2475
578.37836	620.11115
579.57379	626.55688
580.76923	646.26044
581.96466	601.50299
583.1601	645.77686
584.35553	608.99207
585.55096	785.97296
586.74634	772.20062
587.94177	820.06042
589.13721	1007.7015
590.33264	910.40497
591.52808	803.17493
592.72351	937.6792
593.91895	870.37103
595.11432	764.73547
596.30975	753.8374
597.50519	783.79095
598.70062	816.7171
599.89606	849.24487
601.09149	958.35852
602.28693	930.12848
603.4823	638.49683
604.67773	769.42297
605.87317	977.63824
607.0686	908.67377
608.26404	1025.7836
609.45947	865.30347
610.65491	761.08905
611.85034	809.74957
613.04572	800.71948
614.24115	1113.1534
615.43658	1162.1969
616.63202	1027.7598
617.82745	1044.4437
619.02289	1102.991
620.21832	1124.304
621.4137	1112.7582
622.60913	1275.4578
623.80457	1124.3137
625	1075.3375
626.19543	1070.5527
627.39087	999.58051
628.5863	933.58478
629.78168	956.22266
630.97711	969.61371
632.17255	1040.0126
633.36798	970.77075
634.56342	920.7594
635.75885	1007.1153
636.95428	1011.6665
638.14966	957.89417
639.34509	768.13287
640.54053	693.65668
641.73596	923.26648
642.9314	973.06372
644.12683	874.0368
645.32227	979.58411
646.5177	884.71729
647.71307	973.78485
648.90851	1018.1212
650.10394	967.85986
651.29938	1125.5399
652.49481	1000.7903
653.69025	797.76343
654.88568	916.55286
656.08105	1008.39
657.27649	891.07782
658.47192	1098.6781
659.66736	914.73169
660.86279	928.37903
662.05823	1137.0381
663.25366	1160.7128
664.44904	1087.415
665.64447	1217.3983
666.8399	1229.4988
668.03534	1106.693
669.23077	1244.8754
670.42621	1256.6243
671.62164	1135.631
672.81708	1154.6689
674.01245	1143.0118
675.20789	1248.7646
676.40332	1241.4784
677.59875	1097.9382
678.79419	1153.6871
679.98962	1086.8265
681.18506	1018.9075
682.38043	1338.4185
683.57587	1320.4641
684.7713	1244.0646
685.96674	1411.708
687.16217	1441.7303
688.3576	1502.5144
689.55304	1402.3022
690.74841	1252.7664
691.94385	1492.2418
693.13928	1454.0649
694.33472	1332.4192
695.53015	1327.8947
696.72559	1349.6748
697.92102	1366.2323
699.11639	1165.9541
700.31183	1592.6171
701.50726	1362.4402
702.7027	1193.1305
703.89813	1295.9769
705.09357	1161.4641
706.289	1088.7755
707.48444	1200.2354
708.67981	1238.1681
709.87524	1384.5889
711.07068	1294.9003
712.26611	1281.3992
713.46155	1318.027
714.65698	1378.9789
715.85242	1174.5247
717.04779	1363.5591
718.24323	1297.9368
719.43866	1007.5881
720.63409	1031.1924
721.82953	1065.7147
723.02496	1118.7214
724.2204	1133.0016
725.41577	1093.7078
726.61121	1026.816
727.80664	1170.4048
729.00208	994.02863
730.19751	1073.8712
731.39294	1083.085
732.58838	1061.2518
733.78381	1052.8523
734.97919	1263.0077
736.17462	1052.698
737.37006	806.68518
738.56549	1048.7583
739.76093	962.86652
740.95636	1109.1857
742.15179	885.10645
743.34717	1001.0002
744.5426	1183.1631
745.73804	1159.7479
746.93347	1048.6218
748.12891	1182.9567
749.32434	1192.2212
750.51978	1039.634
751.71515	1159.9497
752.91058	1311.8431
754.10602	1267.1544
755.30145	1369.2666
756.49689	1267.6835
757.69232	1181.7683
758.88776	1200.3766
760.08313	1432.6257
761.27856	1246.8629
762.474	1355.2368
763.66943	1405.3099
764.86487	1304.2462
766.0603	1277.7451
767.25574	1454.619
768.45117	1640.1765
769.64655	1645.0468
770.84198	1629.905
772.03741	1849.6305
773.23285	1857.2277
774.42828	1807.3004
775.62372	1923.5099
776.81915	1871.1062
778.01453	1973.2386
779.20996	1776.3154
780.4054	1963.7319
781.60083	1824.8203
782.79626	1655.8813
783.9917	1829.6066
785.18713	1825.4137
786.38251	1694.5931
787.57794	1575.7401
788.77338	1783.9027
789.96881	1569.4598
791.16425	1854.4897
792.35968	1737.6406
793.55511	1583.0962
794.75055	1748.9658
795.94592	1845.5906
797.14136	1730.1477
798.33679	1834.4745
799.53223	1725.1254
800.72766	1769.5927
801.9231	1723.3959
803.11853	1581.3203
804.3139	1631.6754
805.50934	1523.5022
806.70477	1603.114
807.90021	1469.554
809.09564	1465.4471
810.29108	1476.7855
811.48651	1616.2294
812.68188	1507.5963
813.87732	1455.212
815.07275	1426.5699
816.26819	1463.4358
817.46362	1437.0515
818.65906	1528.1907
819.85449	1520.99
821.04987	1337.7671
822.2453	1282.5586
823.44073	1216.776
824.63617	1247.7902
825.8316	1336.4567
827.02704	1232.3771
828.22247	1264.8484
829.41791	1254.5461
830.61328	1095.7959
831.80872	1173.3413
833.00415	1196.168
834.19958	1207.2212
835.39502	1644.0675
836.59045	1544.4293
837.78589	1764.3966
838.98126	1926.5487
840.1767	1597.9066
841.37213	1728.0731
842.56757	1352.978
843.763	1358.8047
844.95844	878.73682
846.15387	1196.5869
847.34924	1328.3445
848.54468	1207.7063
849.74011	1443.076
850.93555	1255.6488
852.13098	1167.913
853.32642	1416.4233
854.52185	1230.6758
855.71729	1388.7173
856.91266	1447.9319
858.10809	1178.95
859.30353	1193.6516
860.49896	1205.1307
861.6944	1357.6332
862.88983	1399.1747
864.08527	1276.4584
865.28064	1395.8292
866.47607	1172.7817
867.67151	1151.033
868.86694	1118.8505
870.06238	1288.7462
871.25781	1169.1809
872.45325	1457.5649
873.64862	1219.8208
874.84406	1269.4899
876.03949	1283.2919
877.23492	1473.0938
878.43036	1100.8722
879.62579	1240.1234
880.82123	1120.5386
882.0166	1244.3413
883.21204	1240.8621
884.40747	1303.2147
885.60291	1216.1339
886.79834	1112.2483
887.99377	1117.0776
889.18921	1045.8834
890.38464	1066.8494
891.58002	970.96466
892.77545	996.24316
893.97089	1154.8302
895.16632	1101.8588
896.36176	1093.5513
897.55719	1228.1267
898.75262	1019.8934
899.948	947.44623
901.14343	926.8927
902.33887	1062.3
903.5343	944.11371
904.72974	1042.8141
905.92517	1025.6825
907.12061	1213.6172
908.31598	1140.2012
909.51141	1029.0344
910.70685	985.5199
911.90228	714.39606
913.09772	1253.8894
914.29315	1067.7069
915.48859	1040.1495
916.68402	1047.4944
917.87939	1038.637
919.07483	882.89203
920.27026	1215.0768
921.4657	1257.9022
922.66113	1185.5049
923.85657	1139.1661
925.052	1166.4877
926.24738	1305.642
927.44281	1153.2837
928.63824	995.96069
929.83368	1031.8837
931.02911	1331.1075
932.22455	1071.9563
933.41998	1225.3442
934.61536	1079.2329
935.81079	1266.3746
937.00623	1422.1962
938.20166	1191.623
939.39709	1137.9211
940.59253	1260.5004
941.78796	1417.5327
942.9834	1277.3074
944.17877	1271.0242
945.37421	1412.7401
946.56964	1401.9054
947.76508	1429.9417
948.96051	1314.896
950.15594	1301.4479
951.35138	1406.1757
952.54675	1533.201
953.74219	1471.1787
954.93762	1233.4338
956.13306	1386.6068
957.32849	1406.936
958.52393	1511.5388
959.71936	1505.7782
960.91473	966.01068
962.11017	1477.4493
963.3056	1486.1067
964.50104	1198.1704
965.69647	1276.3824
966.89191	1326.7157
968.08734	1329.5176
969.28271	1312.8359
970.47815	1393.4817
971.67358	1438.4945
972.86902	1266.1754
974.06445	1153.7507
975.25989	1262.3065
976.45532	1296.3351
977.65076	1149.6604
978.84613	1389.553
980.04156	1355.9409
981.237	1358.3248
982.43243	1296.4862
983.62787	1229.0811
984.8233	975.71503
986.01874	1125.8295
987.21411	1275.515
988.40955	1141.1725
989.60498	1033.9197
990.80042	1018.288
991.99585	1092.5587
993.19128	1244.5598
994.38672	1083.6118
995.58209	1039.3638
996.77753	1023.5563
997.97296	1078.4012
999.1684	1026.6563
1000.3638	1095.47
1001.5593	1122.307
1002.7547	994.80426
1003.9501	915.93433
1005.1455	1087.6746
1006.3409	816.17572
1007.5364	972.84094
1008.7318	916.18585
1009.9272	1197.9058
1011.1227	1081.024
1012.3181	1073.4237
1013.5135	1023.0741
1014.7089	993.5401
1015.9044	1271.4475
1017.0998	1179.097
1018.2952	1064.61
1019.4907	1087.3259
1020.6861	1236.37
1021.8815	1107.0439
1023.0769	1181.0919
1024.2723	1270.2219
1025.4678	1357.3569
1026.6632	1297.9154
1027.8586	1394.1301
1029.0541	1078.6222
1030.2495	1236.6533
1031.4449	1166.3719
1032.6404	1515.2429
1033.8358	1492.4694
1035.0311	1447.8146
1036.2266	1245.5371
1037.422	1231.2635
1038.6174	1366.8728
1039.8129	1573.275
1041.0083	1452.7476
1042.2037	1487.0052
1043.3992	1498.5442
1044.5946	1583.6534
1045.79	1640.5908
1046.9855	1669.7274
1048.1809	1723.3484
1049.3763	1426.4342
1050.5718	1593.5825
1051.7672	1301.2347
1052.9625	1580.3534
1054.158	1498.6345
1055.3534	1389.8297
1056.5488	1587.5952
1057.7443	1538.4506
1058.9397	1596.7825
1060.1351	1541.9503
1061.3306	1425.5049
1062.526	1541.1102
1063.7214	1550.9656
1064.9169	1522.3483
1066.1123	1511.1294
1067.3077	1598.1918
1068.5032	1158.2151
1069.6985	1454.4938
1070.8939	1614.3688
1072.0894	1568.8374
1073.2848	1509.5834
1074.4802	1360.9778
1075.6757	1580.1027
1076.8711	1139.5947
1078.0665	1529.9618
1079.262	1528.407
1080.4574	1213.7311
1081.6528	1444.6646
1082.8483	1468.7269
1084.0437	1292.2659
1085.2391	1568.3673
1086.4346	1504.5742
1087.6299	1311.9115
1088.8253	1154.9856
1090.0208	1457.2278
1091.2162	1325.3448
1092.4116	1305.3799
1093.6071	1415.5477
1094.8025	1395.0242
1095.9979	1503.4264
1097.1934	1565.0278
1098.3888	1499.9613
1099.5842	1611.551
1100.7797	1339.0509
1101.9751	1599.9883
1103.1705	1478.3085
1104.3658	1905.2317
1105.5613	1761.7355
1106.7567	1688.9346
1107.9521	1817.8604
1109.1476	1732.1454
1110.343	1945.7351
1111.5385	1972.9342
1112.7339	1969.4614
1113.9293	2064.2502
1115.1248	1764.4026
1116.3202	1601.9884
1117.5156	1558.6563
1118.7111	1779.9803
1119.9065	2178.9919
1121.1019	1923.0153
1122.2972	2066.8252
1123.4927	1738.3407
1124.6881	1952.0085
1125.8835	1859.1335
1127.079	2253.481
1128.2744	2170.0513
1129.4698	2247.1995
1130.6653	2308.0354
1131.8607	2222.8438
1133.0562	2218.6211
1134.2516	2330.1638
1135.447	2235.7458
1136.6425	2170.144
1137.8379	2110.894
1139.0332	2172.4385
1140.2286	1878.0789
1141.4241	2079.4382
1142.6195	2322.0825
1143.8149	2195.606
1145.0104	2084.9104
1146.2058	1963.6956
1147.4012	1802.7579
1148.5967	2317.2148
1149.7921	2132.4919
1150.9875	1949.8591
1152.183	1928.9059
1153.3784	1630.644
1154.5739	1871.4213
1155.7693	1993.8469
1156.9646	2003.3639
1158.16	1862.7114
1159.3555	1930.1957
1160.5509	1716.344
1161.7463	1747.0001
1162.9418	1685.1095
1164.1372	1703.1563
1165.3326	1600.5819
1166.5281	1330.781
1167.7235	1261.4332
1168.9189	1262.2378
1170.1144	1394.6361
1171.3098	1384.9407
1172.5052	1085.6046
1173.7007	1232.2256
1174.896	1076.1996
1176.0914	1041.6096
1177.2869	1033.629
1178.4823	1184.1523
1179.6777	1041.0077
1180.8732	897.83575
1182.0686	986.81219
1183.264	1062.6246
1184.4595	1198.2847
1185.6549	951.90558
1186.8503	1230.8977
1188.0458	929.85071
1189.2412	733.28418
1190.4366	831.58875
1191.632	768.10571
1192.8274	800.95721
1194.0228	819.53131
1195.2183	748.4726
1196.4137	900.97638
1197.6091	1081.1989
1198.8046	895.46832
1200	648.04242
