50	318.30338
51.195427	400.63089
52.390854	464.68521
53.586277	485.6806
54.781704	474.33917
55.977131	473.90326
57.172558	446.04593
58.367985	435.61246
59.563408	420.59821
60.758835	412.80768
61.954262	411.23529
63.149689	404.61969
64.345116	389.21429
65.540543	359.15897
66.73597	313.56961
67.931396	317.54092
69.126816	343.62561
70.322243	336.57712
71.51767	356.22726
72.713097	397.95505
73.908524	439.02658
75.103951	489.71796
76.299377	559.492
77.494804	604.05719
78.690231	650.80109
79.885658	642.4837
81.081078	580.27466
82.276505	564.49316
83.471931	570.86243
84.667358	571.34448
85.862785	570.87732
87.058212	531.08862
88.253639	499.15451
89.449066	446.09164
90.644493	442.27475
91.83992	458.0899
93.035339	476.50076
94.230766	482.4722
95.426193	486.64603
96.62162	579.80237
97.817047	899.86536
99.012474	1613.3815
100.2079	2558.3401
101.40333	3193.7769
102.59875	3134.9968
103.79418	2364.3945
104.98961	1288.152
106.18503	572.74774
107.38046	322.57742
108.57588	231.46146
109.77131	222.18509
110.96674	184.86978
112.16216	169.19777
113.35759	142.83043
114.55302	91.84095
115.74844	67.96817
116.94387	99.84771
118.13929	130.26997
119.33472	113.98973
120.53014	69.448982
121.72557	84.212311
122.921	38.886528
124.11642	76.630936
125.31185	62.26487
126.50728	88.569092
127.70271	72.362694
128.89813	57.170578
130.09355	37.234936
131.28899	61.501068
132.48441	77.897217
133.67984	61.583633
134.87526	57.35429
136.07068	50.81147
137.26611	54.475918
138.46153	46.463131
139.65697	35.755993
140.85239	98.764809
142.04782	56.65057
143.24324	21.136438
144.43867	57.083599
145.63409	39.741833
146.82953	44.040066
148.02495	50.344296
149.22037	36.281822
150.4158	16.680035
151.61122	24.27076
152.80666	22.614895
154.00208	32.912407
155.19751	45.089672
156.39293	29.147072
157.58836	57.240719
158.78378	48.784691
159.97922	26.009197
161.17464	32.934151
162.37006	38.964943
163.56549	43.138176
164.76091	47.900902
165.95634	39.397011
167.15176	15.058051
168.3472	23.201746
169.54262	34.996086
170.73805	22.769541
171.93347	-5.2243276
173.12889	3.5853927
174.32433	33.366539
175.51974	54.310291
176.71518	40.263557
177.9106	29.771887
179.10603	39.358208
180.30145	59.15633
181.49689	47.249977
182.69231	52.052738
183.88774	47.56118
185.08316	68.37542
186.27858	61.986164
187.47401	60.897804
188.66943	52.086796
189.86487	58.216209
191.06029	69.443405
192.25572	66.973701
193.45114	53.506321
194.64658	39.471184
195.842	68.110497
197.03741	87.009933
198.23285	94.167183
199.42827	78.301117
200.6237	52.980946
201.81912	115.30788
203.01456	104.24454
204.20998	167.38336
205.40541	129.7972
206.60083	121.66869
207.79626	138.17383
208.99168	133.61844
210.1871	137.84528
211.38254	118.39583
212.57796	114.99718
213.77339	108.8407
214.96881	128.63699
216.16425	114.63969
217.35966	103.03169
218.5551	90.073944
219.75052	111.58813
220.94595	134.49269
222.14137	104.41826
223.33679	135.7812
224.53223	85.844208
225.72765	81.442505
226.92308	100.03487
228.1185	108.0167
229.31393	100.6843
230.50935	89.224472
231.70479	95.627296
232.90021	96.80822
234.09563	92.919678
235.29106	76.899529
236.48648	62.802498
237.68192	93.847412
238.87733	84.492691
240.07277	46.650887
241.26819	81.34536
242.46362	124.49794
243.65904	72.723656
244.85448	103.55776
246.0499	97.635406
247.24532	95.251144
248.44075	72.592812
249.63617	111.84039
250.8316	58.917648
252.02702	72.912773
253.22246	85.728447
254.41788	65.857849
255.61331	60.660702
256.80875	74.95562
258.00415	53.574787
259.19958	56.518265
260.39502	86.032051
261.59042	95.811867
262.78586	56.297459
263.98129	38.432583
265.17673	29.333336
266.37213	65.791496
267.56757	44.758163
268.763	46.236797
269.95844	50.164524
271.15384	63.30994
272.34927	67.548828
273.54471	90.735222
274.74011	68.681541
275.93555	80.452896
277.13098	98.262825
278.32642	61.887089
279.52182	69.578766
280.71725	96.960968
281.91269	57.421654
283.10809	32.458912
284.30353	33.082443
285.49896	30.561319
286.6944	52.917027
287.8898	58.633121
289.08524	43.643002
290.28067	56.577202
291.4761	70.885544
292.67151	82.465652
293.86694	64.325264
295.06238	39.767033
296.25778	30.194185
297.45322	-1.4559658
298.64865	5.6404648
299.84409	9.0219297
301.03949	26.192123
302.23492	46.452251
303.43036	55.855808
304.62579	61.318207
305.8212	54.65295
307.01663	59.495598
308.21207	54.957142
309.40747	70.642227
310.60291	77.915901
311.79834	73.032845
312.99377	86.472534
314.18918	117.99234
315.38461	128.21609
316.58005	132.86024
317.77548	121.92653
318.97089	138.53008
320.16632	161.56558
321.36176	153.07632
322.55716	144.16718
323.75259	160.85162
324.94803	196.46892
326.14346	229.80693
327.33887	225.64146
328.5343	232.02214
329.72974	275.22363
330.92517	336.66864
332.12057	308.48254
333.31601	353.91559
334.51144	357.22461
335.70685	342.31232
336.90228	346.19238
338.09772	294.4317
339.29315	246.35472
340.48856	242.23711
341.68399	195.89647
342.87943	199.63017
344.07483	165.41698
345.27026	108.90764
346.4657	105.97386
347.66113	109.24004
348.85654	74.802841
350.05197	96.684494
351.24741	78.119736
352.44284	75.861252
353.63824	108.15636
354.83368	113.69633
356.02911	75.323959
357.22452	87.757126
358.41995	73.607895
359.61539	93.241135
360.81082	89.399277
362.00623	80.376755
363.20166	66.699203
364.39709	58.401413
365.59253	62.679668
366.78793	104.06255
367.98337	90.657822
369.1788	84.687057
370.37421	79.815659
371.56964	107.54362
372.76508	89.605698
373.96051	118.62907
375.15591	142.43529
376.35135	143.20049
377.54678	157.02489
378.74222	158.50554
379.93762	174.88121
381.13306	198.40068
382.32849	248.27208
383.5239	259.50589
384.71933	310.19553
385.91476	260.72977
387.1102	239.0869
388.3056	293.71439
389.50104	245.73131
390.69647	242.98918
391.89191	284.93137
393.08731	279.51517
394.28275	258.66245
395.47818	246.14592
396.67358	247.48106
397.86902	283.1962
399.06445	306.77841
400.25989	268.444
401.45529	283.78146
402.65073	294.06363
403.84616	310.37241
405.04156	311.79764
406.237	293.66525
407.43243	311.7211
408.62787	300.07297
409.82327	330.09451
411.01871	338.7894
412.21414	306.93912
413.40958	335.98862
414.60498	348.37088
415.80042	370.53427
416.99585	345.34048
418.19125	343.65512
419.38669	361.63858
420.58212	383.39719
421.77756	372.89285
422.97296	453.72226
424.1684	461.16397
425.36383	518.03809
426.55927	580.73077
427.75467	631.72961
428.9501	724.39227
430.14554	771.64893
431.34094	940.72345
432.53638	1044.4581
433.73181	1206.8109
434.92725	1429.9868
436.12265	1761.8335
437.31808	2132.531
438.51352	2537.4451
439.70895	2831.4695
440.90436	2801.6184
442.09979	2535.7273
443.29523	2090.6755
444.49063	1556.9194
445.68607	1164.5869
446.8815	891.09778
448.07693	725.19135
449.27234	633.32434
450.46777	568.88458
451.66321	549.97296
452.85864	508.85037
454.05405	519.42065
455.24948	599.18237
456.44492	670.34912
457.64032	772.05414
458.83575	884.01288
460.03119	988.3786
461.22662	1107.2592
462.42203	1312.4774
463.61746	1546.9838
464.8129	1739.0096
466.0083	1886.3761
467.20374	1963.3639
468.39917	1998.2024
469.5946	1839.7356
470.79001	1635.3931
471.98544	1406.373
473.18088	1174.5515
474.37631	975.93793
475.57172	781.97943
476.76715	651.38446
477.96259	548.9303
479.15799	433.61682
480.35342	446.43396
481.54886	399.80405
482.74429	350.17535
483.9397	268.15985
485.13513	300.88138
486.33057	301.09341
487.526	289.6333
488.72141	251.68944
489.91684	207.58517
491.11227	177.39082
492.30768	178.3421
493.50311	169.45061
494.69855	141.25771
495.89398	160.41504
497.08939	144.03648
498.28482	143.87936
499.48026	141.33356
500.67569	115.46477
501.87109	95.426552
503.06653	71.363663
504.26196	93.137444
505.45737	113.12999
506.6528	97.854698
507.84824	93.19709
509.04367	92.732956
510.23907	94.089516
511.43451	76.358536
512.62994	53.359001
513.82538	67.227264
515.02081	92.75679
516.21619	94.188797
517.41162	83.267021
518.60706	75.272736
519.80249	81.718277
520.99792	85.454582
522.19336	70.82309
523.38879	95.701363
524.58423	96.492844
525.7796	79.762749
526.97504	83.851959
528.17047	69.982552
529.36591	87.437248
530.56134	91.193085
531.75677	108.28767
532.95221	101.07146
534.14758	111.76006
535.34302	131.33072
536.53845	121.28077
537.73389	107.4713
538.92932	110.33737
540.12476	118.11518
541.32019	112.424
542.51556	85.496635
543.711	105.51492
544.90643	108.5315
546.10187	107.27562
547.2973	101.89303
548.49274	95.703804
549.68817	104.25713
550.88361	90.916283
552.07898	95.337059
553.27441	36.622196
554.46985	70.031479
555.66528	95.907433
556.86072	134.79486
558.05615	83.521278
559.25159	111.27419
560.44696	83.740623
561.6424	89.45874
562.83783	86.340073
564.03326	105.78963
565.2287	78.306946
566.42413	92.428505
567.61957	119.13332
568.81494	95.039696
570.01038	79.732178
571.20581	87.49424
572.40125	99.026085
573.59668	121.94891
574.79211	84.769447
575.98755	103.9994
577.18292	114.96964
578.37836	109.80184
579.57379	121.10035
580.76923	102.46429
581.96466	132.48752
583.1601	132.33229
584.35553	105.65363
585.55096	110.60277
586.74634	117.51683
587.94177	125.1564
589.13721	142.10176
590.33264	148.9054
591.52808	138.23735
592.72351	134.15256
593.91895	99.360611
595.11432	116.16859
596.30975	94.072815
597.50519	106.87523
598.70062	124.85794
599.89606	91.715775
601.09149	110.39037
602.28693	110.52702
603.4823	120.45403
604.67773	98.858482
605.87317	91.228035
607.0686	68.412651
608.26404	79.594093
609.45947	111.44814
610.65491	96.841988
611.85034	102.03576
613.04572	107.82763
614.24115	114.57377
615.43658	94.036949
616.63202	96.187141
617.82745	109.02349
619.02289	124.11118
620.21832	147.71523
621.4137	146.36391
622.60913	128.28229
623.80457	109.52245
625	105.14774
626.19543	106.64815
627.39087	144.77271
628.5863	131.3372
629.78168	107.43108
630.97711	120.27133
632.17255	112.71181
633.36798	85.511902
634.56342	126.82115
635.75885	124.71866
636.95428	96.836502
638.14966	128.87483
639.34509	133.71985
640.54053	120.99162
641.73596	121.1871
642.9314	150.13625
644.12683	152.0257
645.32227	134.41747
646.5177	161.7034
647.71307	164.74564
648.90851	131.23079
650.10394	108.33154
651.29938	88.908974
652.49481	134.16072
653.69025	151.05164
654.88568	164.69353
656.08105	176.44206
657.27649	145.98349
658.47192	132.69447
659.66736	143.28925
660.86279	166.12816
662.05823	186.61441
663.25366	135.35872
664.44904	133.56917
665.64447	112.8429
666.8399	186.89983
668.03534	173.80844
669.23077	167.11305
670.42621	174.19525
671.62164	151.05919
672.81708	166.2532
674.01245	161.78433
675.20789	144.19368
676.40332	131.59875
677.59875	112.53678
678.79419	126.40707
679.98962	115.99635
681.18506	116.55682
682.38043	84.597466
683.57587	91.870216
684.7713	129.84183
685.96674	121.65095
687.16217	127.50451
688.3576	111.24027
689.55304	132.74971
690.74841	137.35823
691.94385	86.30323
693.13928	127.58562
694.33472	114.9481
695.53015	121.73196
696.72559	96.402527
697.92102	136.86534
699.11639	172.49254
700.31183	152.05789
701.50726	169.20894
702.7027	152.25647
703.89813	139.72722
705.09357	152.13535
706.289	138.39662
707.48444	121.33514
708.67981	117.98578
709.87524	140.08958
711.07068	102.33633
712.26611	105.84285
713.46155	133.21863
714.65698	134.4041
715.85242	118.34603
717.04779	111.39536
718.24323	112.49732
719.43866	126.6928
720.63409	142.31541
721.82953	120.14639
723.02496	77.290962
724.2204	80.229118
725.41577	109.56926
726.61121	126.36864
727.80664	137.48454
729.00208	120.80175
730.19751	85.148491
731.39294	84.88623
732.58838	84.138245
733.78381	68.30896
734.97919	91.082474
736.17462	63.941544
737.37006	61.192951
738.56549	52.952045
739.76093	60.230309
740.95636	84.19558
742.15179	93.033539
743.34717	87.900551
744.5426	80.570786
745.73804	83.431808
746.93347	65.722641
748.12891	73.842087
749.32434	54.888294
750.51978	81.478691
751.71515	73.648933
752.91058	87.006172
754.10602	65.621956
755.30145	85.140816
756.49689	76.546402
757.69232	72.903519
758.88776	75.761734
760.08313	75.98288
761.27856	66.534576
762.474	43.528538
763.66943	47.031406
764.86487	40.614235
766.0603	54.817543
767.25574	39.542461
768.45117	83.371384
769.64655	77.211662
770.84198	73.1474
772.03741	78.666992
773.23285	89.027771
774.42828	92.460945
775.62372	126.22834
776.81915	104.46583
778.01453	111.37936
779.20996	87.696678
780.4054	85.454674
781.60083	102.1265
782.79626	96.399628
783.9917	58.945343
785.18713	77.549896
786.38251	75.921432
787.57794	70.813461
788.77338	72.899345
789.96881	107.21227
791.16425	76.775566
792.35968	77.390495
793.55511	94.40387
794.75055	84.308472
795.94592	57.733837
797.14136	79.509537
798.33679	96.510941
799.53223	65.205704
800.72766	65.70443
801.9231	102.05813
803.11853	97.752647
804.3139	80.252113
805.50934	122.23972
806.70477	92.127975
807.90021	67.268417
809.09564	66.053757
810.29108	50.354847
811.48651	77.40789
812.68188	86.262695
813.87732	90.918404
815.07275	72.978523
816.26819	86.252266
817.46362	89.483162
818.65906	114.96846
819.85449	104.52333
821.04987	81.172089
822.2453	95.119171
823.44073	108.49789
824.63617	100.29617
825.8316	75.999123
827.02704	75.481728
828.22247	93.554787
829.41791	93.671913
830.61328	93.723503
831.80872	66.791435
833.00415	53.577633
834.19958	71.426208
835.39502	54.279423
836.59045	105.75275
837.78589	182.00854
838.98126	159.47469
840.1767	142.54933
841.37213	144.6622
842.56757	100.05898
843.763	86.58139
844.95844	105.15091
846.15387	106.39999
847.34924	75.151657
848.54468	90.705917
849.74011	80.647629
850.93555	87.883293
852.13098	99.888603
853.32642	125.14721
854.52185	116.3482
855.71729	107.3042
856.91266	97.630074
858.10809	132.91505
859.30353	131.123
860.49896	104.52821
861.6944	110.29988
862.88983	104.31484
864.08527	100.42538
865.28064	112.01432
866.47607	119.53989
867.67151	115.65275
868.86694	80.4702
870.06238	96.870773
871.25781	138.45531
872.45325	124.05681
873.64862	100.8894
874.84406	85.637268
876.03949	106.57655
877.23492	113.26167
878.43036	106.40638
879.62579	84.791084
880.82123	122.78773
882.0166	114.72579
883.21204	92.954742
884.40747	103.93381
885.60291	112.31229
886.79834	92.590912
887.99377	113.24711
889.18921	113.78037
890.38464	95.659096
891.58002	117.44592
892.77545	138.362
893.97089	134.95789
895.16632	117.79816
896.36176	120.72266
897.55719	121.02924
898.75262	115.13868
899.948	122.1324
901.14343	123.82363
902.33887	105.52572
903.5343	101.20901
904.72974	104.07455
905.92517	123.19266
907.12061	88.445526
908.31598	130.4854
909.51141	118.4221
910.70685	115.68376
911.90228	121.31053
913.09772	125.23699
914.29315	133.98509
915.48859	90.025322
916.68402	108.92626
917.87939	104.81696
919.07483	116.6504
920.27026	103.99995
921.4657	123.51894
922.66113	171.18318
923.85657	158.79787
925.052	151.4167
926.24738	115.45877
927.44281	129.64963
928.63824	143.32719
929.83368	110.35252
931.02911	134.21916
932.22455	159.73778
933.41998	130.55132
934.61536	83.808838
935.81079	191.28143
937.00623	146.94678
938.20166	107.5102
939.39709	157.34045
940.59253	143.22188
941.78796	134.37421
942.9834	153.55539
944.17877	164.97676
945.37421	165.57787
946.56964	143.33023
947.76508	143.00165
948.96051	119.63023
950.15594	121.22157
951.35138	126.40716
952.54675	146.33353
953.74219	181.74347
954.93762	168.99974
956.13306	138.09584
957.32849	122.28728
958.52393	136.3674
959.71936	164.29494
960.91473	123.52684
962.11017	113.18862
963.3056	132.9162
964.50104	131.6738
965.69647	108.41956
966.89191	122.67583
968.08734	137.63998
969.28271	138.09308
970.47815	126.97398
971.67358	91.602798
972.86902	118.2094
974.06445	131.31943
975.25989	119.62745
976.45532	144.49492
977.65076	132.49214
978.84613	139.36151
980.04156	107.24472
981.237	117.97572
982.43243	116.22917
983.62787	100.88973
984.8233	119.44824
986.01874	148.24051
987.21411	119.3379
988.40955	112.25273
989.60498	124.11471
990.80042	85.974609
991.99585	129.48479
993.19128	135.41145
994.38672	98.214348
995.58209	145.89658
996.77753	111.22205
997.97296	131.38127
999.1684	112.04573
1000.3638	77.007561
1001.5593	79.246124
1002.7547	90.727608
1003.9501	89.734848
1005.1455	82.542076
1006.3409	91.555786
1007.5364	127.27213
1008.7318	110.41768
1009.9272	75.925652
1011.1227	109.9435
1012.3181	96.781311
1013.5135	99.846352
1014.7089	110.70894
1015.9044	88.317131
1017.0998	118.2211
1018.2952	94.974434
1019.4907	119.12401
1020.6861	79.916161
1021.8815	123.68066
1023.0769	137.18619
1024.2723	137.38716
1025.4678	111.19872
1026.6632	66.525536
1027.8586	73.792053
1029.0541	98.742287
1030.2495	117.91847
1031.4449	94.592339
1032.6404	122.87741
1033.8358	118.7887
1035.0311	94.119911
1036.2266	76.531082
1037.422	79.805412
1038.6174	106.73636
1039.8129	145.58649
1041.0083	136.1693
1042.2037	109.18911
1043.3992	113.10345
1044.5946	143.51572
1045.79	141.83192
1046.9855	148.12712
1048.1809	114.79342
1049.3763	111.57874
1050.5718	135.11223
1051.7672	159.20271
1052.9625	140.02086
1054.158	182.68179
1055.3534	151.35541
1056.5488	160.64488
1057.7443	151.26173
1058.9397	170.22919
1060.1351	189.78281
1061.3306	161.64882
1062.526	173.97844
1063.7214	169.09285
1064.9169	189.98132
1066.1123	187.07791
1067.3077	231.96541
1068.5032	224.25499
1069.6985	245.24222
1070.8939	200.91705
1072.0894	175.31516
1073.2848	194.54713
1074.4802	196.46391
1075.6757	213.34506
1076.8711	205.84644
1078.0665	244.00371
1079.262	266.17953
1080.4574	274.84595
1081.6528	224.81876
1082.8483	242.25728
1084.0437	221.14159
1085.2391	220.16544
1086.4346	237.54462
1087.6299	229.65585
1088.8253	194.81374
1090.0208	227.53752
1091.2162	263.59689
1092.4116	215.90405
1093.6071	238.51006
1094.8025	253.64021
1095.9979	245.97215
1097.1934	261.59647
1098.3888	256.33319
1099.5842	257.59344
1100.7797	259.47211
1101.9751	246.31487
1103.1705	248.98257
1104.3658	206.3562
1105.5613	228.9718
1106.7567	277.5986
1107.9521	289.46738
1109.1476	277.97092
1110.343	280.74667
1111.5385	271.40607
1112.7339	240.52716
1113.9293	270.48724
1115.1248	285.99808
1116.3202	244.1553
1117.5156	262.88968
1118.7111	262.43579
1119.9065	283.98999
1121.1019	293.88025
1122.2972	276.26718
1123.4927	269.2977
1124.6881	330.73578
1125.8835	327.40289
1127.079	306.97504
1128.2744	325.6951
1129.4698	295.4335
1130.6653	266.73343
1131.8607	288.4967
1133.0562	307.32739
1134.2516	317.41296
1135.447	312.90332
1136.6425	320.67416
1137.8379	331.14597
1139.0332	318.19122
1140.2286	332.61078
1141.4241	318.71732
1142.6195	306.13638
1143.8149	370.84793
1145.0104	339.82239
1146.2058	328.53516
1147.4012	296.09192
1148.5967	330.65601
1149.7921	297.67709
1150.9875	323.35471
1152.183	328.73666
1153.3784	313.05438
1154.5739	311.34235
1155.7693	297.32245
1156.9646	298.06497
1158.16	279.78699
1159.3555	293.77979
1160.5509	315.44617
1161.7463	296.43384
1162.9418	328.41196
1164.1372	319.34323
1165.3326	260.5947
1166.5281	237.54805
1167.7235	232.336
1168.9189	252.73102
1170.1144	259.87247
1171.3098	238.56961
1172.5052	253.25284
1173.7007	218.13368
1174.896	239.70323
1176.0914	208.01915
1177.2869	203.32358
1178.4823	169.77522
1179.6777	156.05513
1180.8732	181.36737
1182.0686	155.9007
1183.264	157.09831
1184.4595	153.74405
1185.6549	180.73868
1186.8503	156.61879
1188.0458	135.08278
1189.2412	139.37866
1190.4366	117.47704
1191.632	93.222862
1192.8274	163.17781
1194.0228	174.10138
1195.2183	135.80634
1196.4137	123.94279
1197.6091	162.51004
1198.8046	112.18155
1200	131.9413
