50	2712.2949
51.195427	2914.292
52.390854	2984.8428
53.586277	3148.1267
54.781704	3177.7119
55.977131	3220.7668
57.172558	3156.9392
58.367985	3096.8201
59.563408	3069.9861
60.758835	3154.1282
61.954262	3224.4521
63.149689	3160.072
64.345116	3022.3091
65.540543	2925.6018
66.73597	2878.2209
67.931396	2887.3149
69.126816	2872.8503
70.322243	2835.2593
71.51767	3063.908
72.713097	3084.8528
73.908524	3206.7104
75.103951	3387.1418
76.299377	3443.6873
77.494804	3590.8457
78.690231	3700.2424
79.885658	3662.1406
81.081078	3614.855
82.276505	3645.6443
83.471931	3676.6206
84.667358	3657.1189
85.862785	3612.749
87.058212	3647.5867
88.253639	3577.1392
89.449066	3481.7537
90.644493	3421.6799
91.83992	3506.6763
93.035339	3621.5928
94.230766	3698.033
95.426193	3744.6821
96.62162	3910.658
97.817047	4580.2603
99.012474	6215.1484
100.2079	8739.5352
101.40333	10795.156
102.59875	10281.643
103.79418	7799.9028
104.98961	5466.895
106.18503	3976.2766
107.38046	3367.5176
108.57588	3205.3035
109.77131	3204.2793
110.96674	3156.0796
112.16216	3033.2961
113.35759	2976.8232
114.55302	2955.4668
115.74844	2914.0713
116.94387	2933.48
118.13929	2932.0691
119.33472	2897.3232
120.53014	2907.2327
121.72557	2916.8875
122.921	2834.1304
124.11642	2835.1462
125.31185	2837.9148
126.50728	2829.782
127.70271	2836.2629
128.89813	2776.4363
130.09355	2739.5134
131.28899	2736.7664
132.48441	2766.6821
133.67984	2788.7058
134.87526	2774.2822
136.07068	2741.9365
137.26611	2719.5
138.46153	2717.6284
139.65697	2733.9868
140.85239	2806.8062
142.04782	2808.4409
143.24324	2736.0784
144.43867	2701.5132
145.63409	2716.6975
146.82953	2738.481
148.02495	2719.3726
149.22037	2756.6169
150.4158	2762.2024
151.61122	2736.406
152.80666	2706.8755
154.00208	2697.7454
155.19751	2717.5857
156.39293	2768.5293
157.58836	2797.6428
158.78378	2786.7383
159.97922	2675.9092
161.17464	2680.7947
162.37006	2752.2622
163.56549	2723.7129
164.76091	2685.689
165.95634	2697.3367
167.15176	2724.197
168.3472	2711.9741
169.54262	2686.5652
170.73805	2727.02
171.93347	2749.7351
173.12889	2735.7588
174.32433	2726.3032
175.51974	2708.7185
176.71518	2687.7886
177.9106	2719.5032
179.10603	2772.0085
180.30145	2797.4241
181.49689	2833.479
182.69231	2760.0034
183.88774	2776.5439
185.08316	2831.7124
186.27858	2839.522
187.47401	2753.7183
188.66943	2748.0486
189.86487	2805.1243
191.06029	2812.8462
192.25572	2831.4548
193.45114	2853.7869
194.64658	2855.8074
195.842	2835.1523
197.03741	2853.5447
198.23285	2915.8582
199.42827	2891.2522
200.6237	2947.5869
201.81912	2986.4055
203.01456	2959.252
204.20998	2947.374
205.40541	3081.7168
206.60083	3103.5237
207.79626	3059.988
208.99168	3039.3909
210.1871	3028.6687
211.38254	3013.7305
212.57796	3040.7517
213.77339	3027.1345
214.96881	2998.197
216.16425	2991.9238
217.35966	2991.4133
218.5551	2965.8037
219.75052	2970.2454
220.94595	2954.9192
222.14137	2994.3657
223.33679	2991.2319
224.53223	3001.4478
225.72765	2997.4326
226.92308	2947.6426
228.1185	2940.73
229.31393	2993.5945
230.50935	2967.1328
231.70479	2990.9944
232.90021	2961.3562
234.09563	2961.9314
235.29106	2992.2407
236.48648	3020.541
237.68192	2991.4429
238.87733	2956.4663
240.07277	2970.7581
241.26819	3031.4463
242.46362	3016.5154
243.65904	2964.9338
244.85448	2985.7581
246.0499	3033.9868
247.24532	2990.5427
248.44075	2976.0171
249.63617	3015.353
250.8316	2965.5347
252.02702	3001.9417
253.22246	3037.168
254.41788	3048.0701
255.61331	2974.5171
256.80875	2934.1409
258.00415	2985.719
259.19958	2997.3137
260.39502	2988.2417
261.59042	2979.5959
262.78586	3005.689
263.98129	3044.2817
265.17673	3032.2244
266.37213	3069.593
267.56757	3024.4478
268.763	3040.5571
269.95844	2919.7036
271.15384	2982.2729
272.34927	3015.4678
273.54471	3027.4392
274.74011	3067.062
275.93555	3037.5959
277.13098	3077.6868
278.32642	3104.4324
279.52182	3067.9871
280.71725	3078.3716
281.91269	3162.4587
283.10809	3130.4434
284.30353	3087.8142
285.49896	3127.4429
286.6944	3114.9575
287.8898	3091.3547
289.08524	3135.21
290.28067	3052.2612
291.4761	3064.1011
292.67151	3081.9451
293.86694	3064.8313
295.06238	3112.2961
296.25778	3133.019
297.45322	3108.022
298.64865	3116.4072
299.84409	3117.2693
301.03949	3120.0918
302.23492	3115.6372
303.43036	3142.0088
304.62579	3160.9653
305.8212	3180.5999
307.01663	3206.8369
308.21207	3217.446
309.40747	3210.3516
310.60291	3227.7849
311.79834	3275.6316
312.99377	3262.8987
314.18918	3296.9099
315.38461	3327.04
316.58005	3315.9104
317.77548	3402.3896
318.97089	3445.7437
320.16632	3481.5078
321.36176	3503.2739
322.55716	3551.021
323.75259	3548.7114
324.94803	3591.939
326.14346	3681.1348
327.33887	3652.3931
328.5343	3775.7769
329.72974	3793.7458
330.92517	3895.4668
332.12057	3974.1677
333.31601	3967.1074
334.51144	3963.897
335.70685	4001.7502
336.90228	3978.2454
338.09772	3904.4021
339.29315	3814.877
340.48856	3733.1528
341.68399	3630.5828
342.87943	3609.3008
344.07483	3559.6919
345.27026	3507.5293
346.4657	3478.5835
347.66113	3449.1387
348.85654	3414.4238
350.05197	3331.4834
351.24741	3419.4668
352.44284	3371.7129
353.63824	3374.3713
354.83368	3352.8025
356.02911	3329.53
357.22452	3400.6455
358.41995	3322.7251
359.61539	3325.8901
360.81082	3359.5654
362.00623	3343.6672
363.20166	3351.2473
364.39709	3364.7388
365.59253	3324.1372
366.78793	3358.7241
367.98337	3361.5327
369.1788	3322.5127
370.37421	3355.5845
371.56964	3388.9246
372.76508	3438.4426
373.96051	3424.6951
375.15591	3452.6743
376.35135	3501.856
377.54678	3534.04
378.74222	3558.5405
379.93762	3634.4023
381.13306	3622.0027
382.32849	3637.5134
383.5239	3687.7983
384.71933	3686.2371
385.91476	3738.1106
387.1102	3756.7756
388.3056	3691.5784
389.50104	3791.2275
390.69647	3745.2644
391.89191	3770.7463
393.08731	3773.709
394.28275	3826.874
395.47818	3790.8606
396.67358	3800.3325
397.86902	3800.4192
399.06445	3803.8462
400.25989	3831.0283
401.45529	3886.2258
402.65073	3885.8879
403.84616	3825.053
405.04156	3847.864
406.237	3921.0454
407.43243	3920.95
408.62787	3958.585
409.82327	4002.4895
411.01871	4027.8418
412.21414	4034.1611
413.40958	4051.8303
414.60498	4074.1279
415.80042	4075.8711
416.99585	4151.3452
418.19125	4214.7656
419.38669	4187.48
420.58212	4264.4673
421.77756	4314.3301
422.97296	4429.1406
424.1684	4478.7847
425.36383	4628.7979
426.55927	4754.623
427.75467	4880.312
428.9501	5090.6265
430.14554	5345.813
431.34094	5726.1406
432.53638	6028.4819
433.73181	6453.6602
434.92725	7040.8682
436.12265	7763.6685
437.31808	8678.3867
438.51352	9683.9023
439.70895	10394.555
440.90436	10484.337
442.09979	9868.3164
443.29523	8703.5967
444.49063	7512.0493
445.68607	6569.5303
446.8815	5902.1421
448.07693	5589.8887
449.27234	5477.5654
450.46777	5437.998
451.66321	5515.4131
452.85864	5646.3696
454.05405	5783.0288
455.24948	6102.0889
456.44492	6467.2183
457.64032	6819.6821
458.83575	7310.6938
460.03119	7941.0366
461.22662	8618.5156
462.42203	9407.3398
463.61746	10354.514
464.8129	11251.495
466.0083	12131.105
467.20374	12416.24
468.39917	12283.072
469.5946	11705.809
470.79001	10698.973
471.98544	9582.7471
473.18088	8582.2109
474.37631	7614.021
475.57172	6972.6157
476.76715	6287.0698
477.96259	5827.9883
479.15799	5494.1162
480.35342	5172.3818
481.54886	4977.7656
482.74429	4817.7964
483.9397	4619.6494
485.13513	4483.9189
486.33057	4281.4399
487.526	4202.8379
488.72141	4204.2686
489.91684	4101.2026
491.11227	4016.4343
492.30768	3963.4595
493.50311	3921.8481
494.69855	3833.3098
495.89398	3796.4141
497.08939	3716.7644
498.28482	3717.6748
499.48026	3725.5603
500.67569	3654.0376
501.87109	3619.772
503.06653	3615.7656
504.26196	3620.0588
505.45737	3591.5713
506.6528	3544.582
507.84824	3562.0249
509.04367	3564.271
510.23907	3520.5042
511.43451	3532.5293
512.62994	3497.7502
513.82538	3481.4497
515.02081	3524.094
516.21619	3485.5637
517.41162	3437.0232
518.60706	3494.7039
519.80249	3437.9624
520.99792	3395.9866
522.19336	3464.3855
523.38879	3429.2014
524.58423	3403.7434
525.7796	3449.5537
526.97504	3471.0898
528.17047	3484.0264
529.36591	3495.8242
530.56134	3476.7439
531.75677	3542.8647
532.95221	3531.6074
534.14758	3488.1572
535.34302	3528.363
536.53845	3608.8489
537.73389	3627.0957
538.92932	3549.8792
540.12476	3539.5608
541.32019	3558.1228
542.51556	3552.3484
543.711	3549.0383
544.90643	3544.1169
546.10187	3590.5122
547.2973	3552.0232
548.49274	3556.0012
549.68817	3556.9048
550.88361	3533.5999
552.07898	3563.0891
553.27441	3528.416
554.46985	3570.6545
555.66528	3538.6785
556.86072	3523.1548
558.05615	3530.8496
559.25159	3512.1843
560.44696	3539.8093
561.6424	3540.5696
562.83783	3529.5945
564.03326	3548.9653
565.2287	3585.9729
566.42413	3579.7534
567.61957	3558.2976
568.81494	3599.7354
570.01038	3591.0811
571.20581	3606.6799
572.40125	3611.8743
573.59668	3567.3816
574.79211	3612.3357
575.98755	3625.1304
577.18292	3653.5142
578.37836	3616.3098
579.57379	3631.8789
580.76923	3639.1313
581.96466	3639.2634
583.1601	3727.8328
584.35553	3674.5767
585.55096	3642.3589
586.74634	3598.905
587.94177	3674.073
589.13721	3652.2175
590.33264	3708.7122
591.52808	3688.2336
592.72351	3635.9856
593.91895	3634.6533
595.11432	3573.5952
596.30975	3584.2493
597.50519	3552.3433
598.70062	3522.7876
599.89606	3513.2002
601.09149	3564.7087
602.28693	3545.6741
603.4823	3529.2351
604.67773	3541.9924
605.87317	3529.4377
607.0686	3560.0806
608.26404	3571.4998
609.45947	3553.564
610.65491	3559.0093
611.85034	3598.8379
613.04572	3527.0698
614.24115	3540.8147
615.43658	3535.6462
616.63202	3490.3591
617.82745	3475.762
619.02289	3487.8657
620.21832	3506.3335
621.4137	3557.585
622.60913	3521.4558
623.80457	3537.1802
625	3552.5481
626.19543	3560.4346
627.39087	3560.1506
628.5863	3523.8069
629.78168	3465.6233
630.97711	3494.595
632.17255	3475.4739
633.36798	3498.3989
634.56342	3507.2913
635.75885	3442.8486
636.95428	3500.3899
638.14966	3478.9915
639.34509	3453.199
640.54053	3467.0205
641.73596	3462.7913
642.9314	3483.97
644.12683	3472.6763
645.32227	3497.3347
646.5177	3516.9546
647.71307	3509.9929
648.90851	3479.3687
650.10394	3512.2207
651.29938	3471.6311
652.49481	3497.3088
653.69025	3491.0198
654.88568	3455.3049
656.08105	3507.3948
657.27649	3489.5151
658.47192	3473.4861
659.66736	3445.2388
660.86279	3409.8123
662.05823	3479.0088
663.25366	3471.6938
664.44904	3440.4836
665.64447	3436.8513
666.8399	3487.5691
668.03534	3512.9678
669.23077	3487.604
670.42621	3520.2217
671.62164	3456.1145
672.81708	3447.7827
674.01245	3437.6841
675.20789	3435.2495
676.40332	3446.062
677.59875	3393.6953
678.79419	3391.3657
679.98962	3394.3965
681.18506	3396.9727
682.38043	3381.3398
683.57587	3374.9563
684.7713	3373.1973
685.96674	3380.6084
687.16217	3385.0396
688.3576	3327.0134
689.55304	3312.5115
690.74841	3300.5828
691.94385	3252.8882
693.13928	3278.9146
694.33472	3292.1418
695.53015	3244.6729
696.72559	3292.8914
697.92102	3251.0183
699.11639	3281.3604
700.31183	3251.9568
701.50726	3220.5686
702.7027	3234.7495
703.89813	3236.5349
705.09357	3301.752
706.289	3202.6606
707.48444	3212.958
708.67981	3215.1699
709.87524	3207.7708
711.07068	3200.0112
712.26611	3211.0837
713.46155	3198.2817
714.65698	3116.2688
715.85242	3138.7366
717.04779	3179.6609
718.24323	3201.0178
719.43866	3200.9136
720.63409	3166.3396
721.82953	3185.8733
723.02496	3147.1755
724.2204	3129.3462
725.41577	3143.9153
726.61121	3146.7239
727.80664	3135.5796
729.00208	3058.8125
730.19751	3102.2405
731.39294	3062.071
732.58838	3123.5303
733.78381	3122.679
734.97919	3091.5369
736.17462	3033.4097
737.37006	3011.9399
738.56549	3074.8123
739.76093	3057.4353
740.95636	3053.2043
742.15179	3033.22
743.34717	3036.4529
744.5426	3053.021
745.73804	3024.7188
746.93347	3051.9895
748.12891	3096.3396
749.32434	3040.6038
750.51978	3017.9502
751.71515	2986.4321
752.91058	2999.4551
754.10602	3031.7043
755.30145	3018.2981
756.49689	3025.4202
757.69232	3075.8877
758.88776	3027.7544
760.08313	3017.0217
761.27856	3011.5664
762.474	3017.9744
763.66943	3029.9832
764.86487	3016.8433
766.0603	3083.0366
767.25574	3075.771
768.45117	3065.8079
769.64655	3087.9131
770.84198	3062.6548
772.03741	3069.3831
773.23285	3063.4436
774.42828	3051.2551
775.62372	3060.3611
776.81915	3078.4729
778.01453	3103.4668
779.20996	3104.6182
780.4054	3099.416
781.60083	3084.1143
782.79626	3109.3457
783.9917	3083.52
785.18713	3090.9348
786.38251	3103.7236
787.57794	3109.1897
788.77338	3082.6409
789.96881	3119.1667
791.16425	3094.7231
792.35968	3117.9653
793.55511	3132.3308
794.75055	3079.7729
795.94592	3160.4512
797.14136	3128.4426
798.33679	3128.1733
799.53223	3083.3457
800.72766	3108.5234
801.9231	3075.3633
803.11853	3081.9915
804.3139	3080.1826
805.50934	3074.7705
806.70477	3063.1997
807.90021	3084.502
809.09564	3113.2971
810.29108	3114.3442
811.48651	3080.4216
812.68188	3112.0759
813.87732	3107.4502
815.07275	3063.8677
816.26819	3118.1797
817.46362	3081.3801
818.65906	3040.6563
819.85449	3064.5247
821.04987	3054.9099
822.2453	3097.1406
823.44073	3084.3899
824.63617	3085.4048
825.8316	3074.085
827.02704	3030.6255
828.22247	3029.4211
829.41791	3071.6958
830.61328	3088.5071
831.80872	3126.4543
833.00415	3086.9517
834.19958	3061.7273
835.39502	3098.197
836.59045	3124.239
837.78589	3222.2168
838.98126	3164.5083
840.1767	3177.3735
841.37213	3136.4138
842.56757	3100.8723
843.763	3078.4189
844.95844	3085.6667
846.15387	3056.8691
847.34924	3100.9302
848.54468	3119.3628
849.74011	3106.1934
850.93555	3107.8855
852.13098	3104.0745
853.32642	3109.3335
854.52185	3119.1519
855.71729	3078.7334
856.91266	3078.5596
858.10809	3134.8972
859.30353	3174.0461
860.49896	3156.8369
861.6944	3164.4373
862.88983	3141.2463
864.08527	3120.7695
865.28064	3118.7209
866.47607	3114.2207
867.67151	3154.6035
868.86694	3173.3335
870.06238	3142.7046
871.25781	3125.3828
872.45325	3201.2959
873.64862	3214.4983
874.84406	3180.2368
876.03949	3074.5898
877.23492	3171.2654
878.43036	3127.4487
879.62579	3104.2153
880.82123	3157.4915
882.0166	3163.769
883.21204	3139.8774
884.40747	3176.9402
885.60291	3166.3538
886.79834	3143.572
887.99377	3179.7852
889.18921	3183.707
890.38464	3187.2029
891.58002	3177.2053
892.77545	3161.2798
893.97089	3118.2056
895.16632	3146.8047
896.36176	3182.8867
897.55719	3161.2532
898.75262	3147.5481
899.948	3155.3345
901.14343	3153.3276
902.33887	3190.0076
903.5343	3204.5347
904.72974	3227.8108
905.92517	3157.8486
907.12061	3195.3687
908.31598	3233.4587
909.51141	3209.1504
910.70685	3204.9026
911.90228	3240.0476
913.09772	3181.5437
914.29315	3223.7664
915.48859	3227.9172
916.68402	3237.5718
917.87939	3199.9949
919.07483	3195.5889
920.27026	3225.7852
921.4657	3228.4841
922.66113	3254.5103
923.85657	3266.259
925.052	3241.7375
926.24738	3250.384
927.44281	3252.2334
928.63824	3265.5991
929.83368	3273.1641
931.02911	3261.2971
932.22455	3290.2095
933.41998	3288.063
934.61536	3286.5522
935.81079	3275.8037
937.00623	3244.5176
938.20166	3322.7983
939.39709	3291.7209
940.59253	3280.0459
941.78796	3316.8411
942.9834	3258.5552
944.17877	3232.7695
945.37421	3238.021
946.56964	3259.7751
947.76508	3237.1299
948.96051	3259.1965
950.15594	3241.897
951.35138	3238.301
952.54675	3248.6216
953.74219	3254.8862
954.93762	3233.3789
956.13306	3280.5496
957.32849	3235.9399
958.52393	3239.5015
959.71936	3292.6138
960.91473	3275.6396
962.11017	3245.551
963.3056	3236.261
964.50104	3285.9453
965.69647	3293.9751
966.89191	3251.1008
968.08734	3266.0471
969.28271	3264.6428
970.47815	3225.2173
971.67358	3237.2961
972.86902	3273.488
974.06445	3273.1443
975.25989	3307.6794
976.45532	3297.2925
977.65076	3336.2437
978.84613	3332.6104
980.04156	3251.6885
981.237	3272.78
982.43243	3278.0383
983.62787	3258.728
984.8233	3252.3914
986.01874	3266.3062
987.21411	3334.2678
988.40955	3345.7659
989.60498	3310.5386
990.80042	3313.8298
991.99585	3240.4058
993.19128	3291.894
994.38672	3346.4812
995.58209	3289.3667
996.77753	3332.427
997.97296	3296.5259
999.1684	3278.1467
1000.3638	3278.1829
1001.5593	3280.5249
1002.7547	3299.7666
1003.9501	3373.6804
1005.1455	3394.0188
1006.3409	3318.9263
1007.5364	3354.5769
1008.7318	3315.4272
1009.9272	3311.0371
1011.1227	3274.2063
1012.3181	3356.3875
1013.5135	3289.52
1014.7089	3304.8435
1015.9044	3309.1746
1017.0998	3366.1172
1018.2952	3334.7134
1019.4907	3363.6194
1020.6861	3340.2639
1021.8815	3329.3867
1023.0769	3308.4224
1024.2723	3374.3955
1025.4678	3450.7285
1026.6632	3379.9871
1027.8586	3398.1191
1029.0541	3369.501
1030.2495	3348.4404
1031.4449	3377.481
1032.6404	3360.8857
1033.8358	3337.0596
1035.0311	3399.6262
1036.2266	3370.5288
1037.422	3375.593
1038.6174	3436.0288
1039.8129	3444.5796
1041.0083	3491.697
1042.2037	3504.394
1043.3992	3486.7078
1044.5946	3464.658
1045.79	3492.8586
1046.9855	3532.071
1048.1809	3503.6067
1049.3763	3488.0818
1050.5718	3541.3862
1051.7672	3592.9602
1052.9625	3556.6936
1054.158	3582.3645
1055.3534	3561.5623
1056.5488	3569.9246
1057.7443	3605.8037
1058.9397	3620.7795
1060.1351	3608.5051
1061.3306	3636.1631
1062.526	3690.4292
1063.7214	3691.2063
1064.9169	3712.6313
1066.1123	3686.752
1067.3077	3683.187
1068.5032	3773.3513
1069.6985	3713.5659
1070.8939	3759.2197
1072.0894	3779.8994
1073.2848	3758.8848
1074.4802	3859.5913
1075.6757	3835.7461
1076.8711	3800.0837
1078.0665	3848.7061
1079.262	3853.1414
1080.4574	3853.2434
1081.6528	3826.8765
1082.8483	3863.2124
1084.0437	3860.6934
1085.2391	3862.2744
1086.4346	3804.6616
1087.6299	3898.1101
1088.8253	3890.7358
1090.0208	3930.7478
1091.2162	3963.6421
1092.4116	3954.2109
1093.6071	3948.3381
1094.8025	3918.0457
1095.9979	3979.1985
1097.1934	3986.228
1098.3888	4012.405
1099.5842	4009.6257
1100.7797	4029.6484
1101.9751	4033.1704
1103.1705	4056.7844
1104.3658	4002.9714
1105.5613	4038.7175
1106.7567	4035.0361
1107.9521	4069.9121
1109.1476	4043.4158
1110.343	4069.2905
1111.5385	4078.2183
1112.7339	4010.9265
1113.9293	4028.3237
1115.1248	4100.5703
1116.3202	4014.8108
1117.5156	4072.2266
1118.7111	4085.9531
1119.9065	4078.741
1121.1019	4149.6841
1122.2972	4067.9456
1123.4927	4105.4395
1124.6881	4100.1685
1125.8835	4128.2593
1127.079	4150.9409
1128.2744	4142.9019
1129.4698	4202.7925
1130.6653	4087.3523
1131.8607	4193.6675
1133.0562	4205.7495
1134.2516	4166.8599
1135.447	4111.1343
1136.6425	4177.6333
1137.8379	4124.1133
1139.0332	4193.2993
1140.2286	4240.2871
1141.4241	4225.1611
1142.6195	4171.8623
1143.8149	4187.0088
1145.0104	4197.9146
1146.2058	4198.0327
1147.4012	4267.8135
1148.5967	4254.6885
1149.7921	4282.5645
1150.9875	4257.1069
1152.183	4285.9014
1153.3784	4270.123
1154.5739	4305.5459
1155.7693	4246.4727
1156.9646	4259.7271
1158.16	4254.5703
1159.3555	4228.1411
1160.5509	4287.2871
1161.7463	4245.2783
1162.9418	4218.4658
1164.1372	4244.4409
1165.3326	4215.1646
1166.5281	4181.123
1167.7235	4163.2505
1168.9189	4124.4751
1170.1144	4136.5674
1171.3098	4091.9011
1172.5052	4032.175
1173.7007	4016.5571
1174.896	4056.8469
1176.0914	4044.2964
1177.2869	4012.0686
1178.4823	3978.8704
1179.6777	3940.1362
1180.8732	3903.9138
1182.0686	3912.5566
1183.264	3844.4719
1184.4595	3814.6399
1185.6549	3877.7251
1186.8503	3854.6765
1188.0458	3871.9495
1189.2412	3797.5537
1190.4366	3868.4451
1191.632	3785.1069
1192.8274	3844.3281
1194.0228	3812.4788
1195.2183	3788.217
1196.4137	3764.1399
1197.6091	3784.1196
1198.8046	3822.6033
1200	3842.8081
