50	3592.6912
51.195427	3685.7744
52.390854	3630.1897
53.586277	3466.7925
54.781704	3436.3958
55.977131	3369.4189
57.172558	3298.6912
58.367985	3186.4292
59.563408	3188.7595
60.758835	3171.1353
61.954262	3112.7017
63.149689	3034.5564
64.345116	2922.5598
65.540543	2777.2539
66.73597	2572.3906
67.931396	2474.2256
69.126816	2564.5691
70.322243	2602.2878
71.51767	2432.1611
72.713097	2528.728
73.908524	2607.8872
75.103951	2577.7056
76.299377	2640.0925
77.494804	2617.1887
78.690231	2601.271
79.885658	2585.8528
81.081078	2520.7439
82.276505	2485.832
83.471931	2476.416
84.667358	2496.4951
85.862785	2525.2566
87.058212	2458.0649
88.253639	2441.2988
89.449066	2261.4031
90.644493	2273.2539
91.83992	2320.645
93.035339	2347.7588
94.230766	2368.4854
95.426193	2440.949
96.62162	2615.4153
97.817047	3274.5359
99.012474	5161.1577
100.2079	8396.3584
101.40333	11376.363
102.59875	11256.747
103.79418	7958.1338
104.98961	4502.8604
106.18503	2681.6074
107.38046	2089.2017
108.57588	1991.5126
109.77131	1915.8839
110.96674	1858.4911
112.16216	1721.0845
113.35759	1626.1749
114.55302	1590.345
115.74844	1565.9519
116.94387	1593.0353
118.13929	1592.6727
119.33472	1563.6482
120.53014	1536.2372
121.72557	1567.0626
122.921	1502.5986
124.11642	1565.0609
125.31185	1577.5431
126.50728	1565.01
127.70271	1499.2874
128.89813	1465.5531
130.09355	1474.5212
131.28899	1476.8606
132.48441	1464.1963
133.67984	1447.8282
134.87526	1436.8501
136.07068	1406.1509
137.26611	1358.7963
138.46153	1329.1088
139.65697	1354.8173
140.85239	1406.66
142.04782	1438.536
143.24324	1433.5793
144.43867	1417.9398
145.63409	1388.8163
146.82953	1363.5703
148.02495	1364.5347
149.22037	1335.6141
150.4158	1318.9695
151.61122	1324.7732
152.80666	1332.2249
154.00208	1359.1749
155.19751	1338.9825
156.39293	1344.4255
157.58836	1385.7997
158.78378	1368.327
159.97922	1303.1844
161.17464	1307.246
162.37006	1308.7579
163.56549	1338.9845
164.76091	1303.2306
165.95634	1301.7565
167.15176	1296.3873
168.3472	1297.7673
169.54262	1309.324
170.73805	1318.9833
171.93347	1334.8812
173.12889	1332.8629
174.32433	1322.458
175.51974	1307.3876
176.71518	1271.8585
177.9106	1284.325
179.10603	1297.2142
180.30145	1301.7783
181.49689	1317.1608
182.69231	1319.0613
183.88774	1333.8545
185.08316	1349.7925
186.27858	1345.5549
187.47401	1296.5918
188.66943	1334.1599
189.86487	1352.8203
191.06029	1345.1854
192.25572	1368.7263
193.45114	1377.1517
194.64658	1354.5476
195.842	1364.8898
197.03741	1410.8489
198.23285	1443.804
199.42827	1448.7076
200.6237	1446.4917
201.81912	1528.8369
203.01456	1556.5809
204.20998	1592.071
205.40541	1571.8403
206.60083	1591.3687
207.79626	1584.9316
208.99168	1581.9841
210.1871	1572.526
211.38254	1544.788
212.57796	1504.5977
213.77339	1507.8795
214.96881	1500.9668
216.16425	1476.675
217.35966	1446.9751
218.5551	1423.7482
219.75052	1432.5383
220.94595	1437.9877
222.14137	1395.5948
223.33679	1415.9412
224.53223	1414.6228
225.72765	1387.6677
226.92308	1389.5339
228.1185	1383.9132
229.31393	1388.599
230.50935	1398.6193
231.70479	1396.1625
232.90021	1385.0481
234.09563	1397.0637
235.29106	1372.4944
236.48648	1409.9246
237.68192	1416.7841
238.87733	1366.2324
240.07277	1329.0054
241.26819	1358.234
242.46362	1356.1027
243.65904	1349.95
244.85448	1340.6045
246.0499	1305.9382
247.24532	1339.7621
248.44075	1322.7823
249.63617	1313.0139
250.8316	1306.5328
252.02702	1318.9153
253.22246	1288.9109
254.41788	1282.5707
255.61331	1286.0712
256.80875	1266.9633
258.00415	1277.2454
259.19958	1277.0437
260.39502	1287.1152
261.59042	1278.4508
262.78586	1291.5557
263.98129	1291.8582
265.17673	1287.0272
266.37213	1247.4802
267.56757	1242.8115
268.763	1266.0347
269.95844	1234.5867
271.15384	1266.5417
272.34927	1275.4438
273.54471	1269.75
274.74011	1281.4801
275.93555	1265.6843
277.13098	1255.8293
278.32642	1263.6995
279.52182	1269.0887
280.71725	1293.851
281.91269	1287.3549
283.10809	1264.8944
284.30353	1256.3727
285.49896	1253.9083
286.6944	1268.9281
287.8898	1235.9966
289.08524	1247.9084
290.28067	1236.6317
291.4761	1264.6355
292.67151	1231.4685
293.86694	1256.6367
295.06238	1263.4668
296.25778	1223.6251
297.45322	1237.6127
298.64865	1255.0238
299.84409	1248.8683
301.03949	1272.7657
302.23492	1268.1837
303.43036	1215.7181
304.62579	1259.9928
305.8212	1279.5798
307.01663	1281.9159
308.21207	1296.6758
309.40747	1342.1029
310.60291	1374.6112
311.79834	1404.3306
312.99377	1426.9078
314.18918	1445.4216
315.38461	1493.4658
316.58005	1558.453
317.77548	1540.0331
318.97089	1573.2684
320.16632	1608.6433
321.36176	1698.9161
322.55716	1681.4596
323.75259	1687.5881
324.94803	1720.2717
326.14346	1808.2499
327.33887	1897.59
328.5343	1927.8672
329.72974	2031.7128
330.92517	2100.2666
332.12057	2174.5234
333.31601	2212.5125
334.51144	2291.5559
335.70685	2275.3792
336.90228	2171.6963
338.09772	2099.6772
339.29315	1983.7828
340.48856	1840.5641
341.68399	1737.2249
342.87943	1650.6398
344.07483	1566.9684
345.27026	1530.5961
346.4657	1453.1521
347.66113	1428.4645
348.85654	1407.9983
350.05197	1392.9678
351.24741	1353.9838
352.44284	1325.5886
353.63824	1305.5671
354.83368	1335.0502
356.02911	1291.8142
357.22452	1267.0216
358.41995	1270.3602
359.61539	1282.0856
360.81082	1295.7107
362.00623	1309.9258
363.20166	1300.156
364.39709	1310.1254
365.59253	1289.1501
366.78793	1281.5668
367.98337	1323.5175
369.1788	1331.2732
370.37421	1375.001
371.56964	1380.473
372.76508	1407.5437
373.96051	1457.1935
375.15591	1490.5846
376.35135	1575.8342
377.54678	1714.7531
378.74222	1808.4407
379.93762	1866.0585
381.13306	1977.0801
382.32849	2013.3853
383.5239	1988.6809
384.71933	1989.4485
385.91476	1976.0513
387.1102	1896.3784
388.3056	1884.0391
389.50104	1821.2195
390.69647	1808.1064
391.89191	1796.4009
393.08731	1711.63
394.28275	1647.6405
395.47818	1654.045
396.67358	1634.2899
397.86902	1619.671
399.06445	1636.2346
400.25989	1642.415
401.45529	1622.5698
402.65073	1647.5565
403.84616	1653.0525
405.04156	1657.6505
406.237	1672.0627
407.43243	1721.4794
408.62787	1782.8408
409.82327	1774.0208
411.01871	1787.0819
412.21414	1810.0651
413.40958	1805.924
414.60498	1817.8907
415.80042	1834.0706
416.99585	1807.7303
418.19125	1852.8396
419.38669	1819.427
420.58212	1841.959
421.77756	1912.9873
422.97296	2010.3934
424.1684	2105.1707
425.36383	2226.481
426.55927	2274.0327
427.75467	2439.9661
428.9501	2655.3684
430.14554	2923.0034
431.34094	3268.4192
432.53638	3618.512
433.73181	4052.6824
434.92725	4726.5005
436.12265	5632.9141
437.31808	6959.5596
438.51352	8307.4258
439.70895	9408.3203
440.90436	9476.0586
442.09979	8439.3438
443.29523	6629.5723
444.49063	4911.2798
445.68607	3572.8647
446.8815	2654.4919
448.07693	2133.2673
449.27234	1840.3856
450.46777	1616.8392
451.66321	1495.6492
452.85864	1407.4631
454.05405	1337.8699
455.24948	1266.3789
456.44492	1245.6967
457.64032	1222.3
458.83575	1198.08
460.03119	1178.4564
461.22662	1146.2124
462.42203	1134.2421
463.61746	1124.7498
464.8129	1102.9164
466.0083	1129.1283
467.20374	1115.2906
468.39917	1116.5729
469.5946	1116.7188
470.79001	1075.3456
471.98544	1084.4733
473.18088	1083.5924
474.37631	1091.0957
475.57172	1110.5908
476.76715	1098.222
477.96259	1074.9368
479.15799	1084.2491
480.35342	1104.119
481.54886	1097.3718
482.74429	1073.4724
483.9397	1102.5524
485.13513	1133.3457
486.33057	1139.5148
487.526	1114.0159
488.72141	1099.986
489.91684	1125.3418
491.11227	1107.4886
492.30768	1105.621
493.50311	1097.8704
494.69855	1118.3356
495.89398	1129.2925
497.08939	1122.1379
498.28482	1147.2972
499.48026	1141.5605
500.67569	1120.0581
501.87109	1129.655
503.06653	1129.6885
504.26196	1122.8926
505.45737	1131.575
506.6528	1134.4104
507.84824	1138.015
509.04367	1143.7284
510.23907	1149.9321
511.43451	1150.5608
512.62994	1148.3109
513.82538	1134.6365
515.02081	1131.983
516.21619	1172.8264
517.41162	1188.6608
518.60706	1181.12
519.80249	1198.5753
520.99792	1202.2744
522.19336	1196.0061
523.38879	1214.5516
524.58423	1210.505
525.7796	1216.231
526.97504	1238.0957
528.17047	1237.5596
529.36591	1275.5957
530.56134	1239.6017
531.75677	1251.7106
532.95221	1310.3073
534.14758	1320.0917
535.34302	1325.55
536.53845	1392.0013
537.73389	1369.9039
538.92932	1384.3649
540.12476	1383.3514
541.32019	1362.7255
542.51556	1370.8408
543.711	1344.9581
544.90643	1339.5653
546.10187	1349.8531
547.2973	1333.6116
548.49274	1306.5253
549.68817	1289.7419
550.88361	1285.017
552.07898	1301.4706
553.27441	1285.5239
554.46985	1289.2783
555.66528	1250.5679
556.86072	1283.0503
558.05615	1244.6692
559.25159	1272.1135
560.44696	1291.3584
561.6424	1291.5454
562.83783	1271.8344
564.03326	1276.5577
565.2287	1276.2094
566.42413	1283.2118
567.61957	1267.6454
568.81494	1275.7557
570.01038	1283.9343
571.20581	1278.4429
572.40125	1296.1204
573.59668	1304.1927
574.79211	1277.7733
575.98755	1280.9122
577.18292	1300.3125
578.37836	1301.9283
579.57379	1295.5969
580.76923	1315.8555
581.96466	1323.4441
583.1601	1331.5621
584.35553	1313.7382
585.55096	1337.2966
586.74634	1348.3776
587.94177	1335.361
589.13721	1334.1304
590.33264	1332.4126
591.52808	1331.4823
592.72351	1311.8741
593.91895	1273.0817
595.11432	1256.7017
596.30975	1267.5355
597.50519	1232.4504
598.70062	1209.7981
599.89606	1233.3204
601.09149	1252.3961
602.28693	1207.8591
603.4823	1211.8992
604.67773	1222.2107
605.87317	1219.1735
607.0686	1217.8424
608.26404	1206.3425
609.45947	1218.9525
610.65491	1228.8931
611.85034	1219.5068
613.04572	1190.975
614.24115	1217.1292
615.43658	1210.8147
616.63202	1204.9774
617.82745	1211.735
619.02289	1211.7994
620.21832	1231.7172
621.4137	1230.9059
622.60913	1239.094
623.80457	1196.2617
625	1207.3523
626.19543	1215.5024
627.39087	1219.8907
628.5863	1215.2577
629.78168	1192.3364
630.97711	1172.4895
632.17255	1182.428
633.36798	1194.2352
634.56342	1208.5292
635.75885	1189.4895
636.95428	1195.7747
638.14966	1195.7843
639.34509	1176.592
640.54053	1177.3595
641.73596	1188.217
642.9314	1198.3953
644.12683	1233.4561
645.32227	1216.4634
646.5177	1200.192
647.71307	1214.4591
648.90851	1210.2333
650.10394	1231.1984
651.29938	1193.8047
652.49481	1213.7583
653.69025	1254.8296
654.88568	1276.8672
656.08105	1247.3464
657.27649	1260.78
658.47192	1279.3143
659.66736	1301.619
660.86279	1305.7142
662.05823	1287.2986
663.25366	1265.4929
664.44904	1316.9156
665.64447	1298.5386
666.8399	1263.9481
668.03534	1280.1248
669.23077	1275.799
670.42621	1266.6652
671.62164	1276.0524
672.81708	1255.0015
674.01245	1261.9879
675.20789	1259.765
676.40332	1227.0088
677.59875	1202.9983
678.79419	1198.3186
679.98962	1178.6604
681.18506	1190.0425
682.38043	1159.3473
683.57587	1123.481
684.7713	1134.725
685.96674	1147.3823
687.16217	1126.0334
688.3576	1127.1187
689.55304	1136.2549
690.74841	1098.9044
691.94385	1100.3247
693.13928	1065.9219
694.33472	1108.9392
695.53015	1084.4344
696.72559	1064.3226
697.92102	1085.1213
699.11639	1095.0356
700.31183	1082.099
701.50726	1078.9656
702.7027	1090.818
703.89813	1100.9612
705.09357	1083.828
706.289	1092.3397
707.48444	1081.0421
708.67981	1055.0056
709.87524	1068.2736
711.07068	1035.7314
712.26611	1054.7174
713.46155	1038.4678
714.65698	1016.1829
715.85242	995.23499
717.04779	993.73132
718.24323	990.97473
719.43866	1004.1534
720.63409	1001.2588
721.82953	1007.8827
723.02496	974.31458
724.2204	988.37244
725.41577	978.62115
726.61121	984.27832
727.80664	962.71082
729.00208	968.67432
730.19751	961.05591
731.39294	936.83478
732.58838	930.18903
733.78381	886.20721
734.97919	886.64288
736.17462	888.58331
737.37006	898.66437
738.56549	874.2323
739.76093	880.34619
740.95636	911.24609
742.15179	898.68018
743.34717	867.75995
744.5426	866.62872
745.73804	891.33746
746.93347	898.34668
748.12891	877.93036
749.32434	841.62335
750.51978	852.94043
751.71515	864.22479
752.91058	853.44098
754.10602	840.64911
755.30145	826.05499
756.49689	835.1983
757.69232	826.57751
758.88776	827.33472
760.08313	832.41803
761.27856	833.79425
762.474	848.69141
763.66943	834.82147
764.86487	850.57623
766.0603	846.4538
767.25574	830.45032
768.45117	846.7522
769.64655	844.24811
770.84198	853.84894
772.03741	846.57867
773.23285	842.11487
774.42828	842.85559
775.62372	856.77734
776.81915	856.70587
778.01453	864.6604
779.20996	856.06641
780.4054	859.91315
781.60083	851.92596
782.79626	869.21979
783.9917	850.64557
785.18713	850.37701
786.38251	852.57483
787.57794	818.46881
788.77338	864.11731
789.96881	878.62024
791.16425	839.60742
792.35968	854.81696
793.55511	860.1886
794.75055	849.79102
795.94592	874.22467
797.14136	855.79968
798.33679	842.55298
799.53223	834.87756
800.72766	845.6781
801.9231	835.62976
803.11853	850.72772
804.3139	849.9165
805.50934	850.09778
806.70477	824.10187
807.90021	824.30096
809.09564	851.32263
810.29108	843.66943
811.48651	845.83936
812.68188	846.58826
813.87732	827.73395
815.07275	834.90039
816.26819	851.46063
817.46362	838.37927
818.65906	831.73242
819.85449	827.31805
821.04987	827.03882
822.2453	816.32935
823.44073	803.3985
824.63617	831.00098
825.8316	802.98663
827.02704	795.09717
828.22247	786.37079
829.41791	803.48474
830.61328	776.43561
831.80872	777.67249
833.00415	808.74652
834.19958	811.04401
835.39502	821.19287
836.59045	826.98206
837.78589	872.47931
838.98126	875.45758
840.1767	835.9173
841.37213	828.92145
842.56757	811.00897
843.763	820.47699
844.95844	797.55591
846.15387	798.79498
847.34924	800.12439
848.54468	790.27917
849.74011	808.56207
850.93555	809.84149
852.13098	813.81787
853.32642	833.19171
854.52185	792.64514
855.71729	796.01721
856.91266	806.67889
858.10809	828.82227
859.30353	818.0506
860.49896	831.4007
861.6944	835.51245
862.88983	830.63104
864.08527	827.6142
865.28064	815.2691
866.47607	827.74506
867.67151	854.97748
868.86694	827.92468
870.06238	819.35077
871.25781	817.8092
872.45325	850.63489
873.64862	802.63635
874.84406	814.30035
876.03949	835.0542
877.23492	825.21161
878.43036	831.55255
879.62579	828.07202
880.82123	822.49634
882.0166	818.81342
883.21204	803.57654
884.40747	814.64417
885.60291	839.27716
886.79834	842.56323
887.99377	834.35229
889.18921	850.78882
890.38464	844.71417
891.58002	828.15332
892.77545	804.28992
893.97089	825.87604
895.16632	837.02954
896.36176	818.57697
897.55719	808.87701
898.75262	820.21069
899.948	818.31366
901.14343	821.70941
902.33887	837.87122
903.5343	819.23315
904.72974	825.96942
905.92517	820.1955
907.12061	830.40216
908.31598	847.08832
909.51141	821.09491
910.70685	828.63287
911.90228	816.45642
913.09772	835.29523
914.29315	856.16278
915.48859	812.09979
916.68402	831.54425
917.87939	841.16101
919.07483	839.62396
920.27026	828.82819
921.4657	841.90228
922.66113	839.70697
923.85657	830.05762
925.052	827.56104
926.24738	835.21649
927.44281	840.48438
928.63824	851.59271
929.83368	843.91357
931.02911	838.65735
932.22455	849.62701
933.41998	859.90118
934.61536	834.17712
935.81079	864.37842
937.00623	847.02802
938.20166	861.4505
939.39709	864.67871
940.59253	837.37207
941.78796	859.15253
942.9834	846.99561
944.17877	834.82184
945.37421	867.05804
946.56964	846.62152
947.76508	843.73322
948.96051	852.33136
950.15594	879.26593
951.35138	873.0119
952.54675	870.69037
953.74219	872.48523
954.93762	886.96973
956.13306	870.2204
957.32849	843.11438
958.52393	881.77356
959.71936	880.28137
960.91473	865.28125
962.11017	878.65594
963.3056	844.73492
964.50104	874.69061
965.69647	887.67969
966.89191	883.48059
968.08734	878.67706
969.28271	896.65411
970.47815	908.25214
971.67358	908.00385
972.86902	927.05371
974.06445	904.08185
975.25989	897.87683
976.45532	902.09131
977.65076	913.91461
978.84613	942.883
980.04156	929.79102
981.237	940.69379
982.43243	936.54797
983.62787	962.73871
984.8233	911.10547
986.01874	915.98438
987.21411	949.08368
988.40955	922.58545
989.60498	911.8595
990.80042	940.36774
991.99585	899.9115
993.19128	898.03485
994.38672	934.70007
995.58209	925.67188
996.77753	928.21545
997.97296	934.10785
999.1684	919.74347
1000.3638	913.46198
1001.5593	924.89264
1002.7547	936.04218
1003.9501	929.95508
1005.1455	930.51343
1006.3409	920.3891
1007.5364	906.23236
1008.7318	921.55396
1009.9272	937.93396
1011.1227	941.05804
1012.3181	955.37189
1013.5135	939.58154
1014.7089	919.39838
1015.9044	898.21881
1017.0998	898.4859
1018.2952	916.4566
1019.4907	916.09882
1020.6861	918.07294
1021.8815	934.74945
1023.0769	896.62579
1024.2723	888.90778
1025.4678	899.31183
1026.6632	900.0885
1027.8586	904.54791
1029.0541	918.65466
1030.2495	908.0509
1031.4449	906.65515
1032.6404	895.63239
1033.8358	908.48431
1035.0311	912.67859
1036.2266	861.67474
1037.422	933.19708
1038.6174	924.55713
1039.8129	927.70837
1041.0083	976.60107
1042.2037	998.02673
1043.3992	989.77533
1044.5946	1002.8648
1045.79	1008.6199
1046.9855	1000.9113
1048.1809	1015.8045
1049.3763	1044.151
1050.5718	1025.7458
1051.7672	1039.6727
1052.9625	1046.085
1054.158	1086.7955
1055.3534	1100.0615
1056.5488	1083.4508
1057.7443	1102.5756
1058.9397	1126.4789
1060.1351	1163.5736
1061.3306	1171.0535
1062.526	1190.4589
1063.7214	1213.1445
1064.9169	1212.7346
1066.1123	1200.4531
1067.3077	1233.0847
1068.5032	1259.4937
1069.6985	1283.2915
1070.8939	1297.1251
1072.0894	1251.2007
1073.2848	1300.0413
1074.4802	1331.9706
1075.6757	1344.1451
1076.8711	1342.1483
1078.0665	1379.5133
1079.262	1385.1514
1080.4574	1350.8939
1081.6528	1351.5393
1082.8483	1413.2914
1084.0437	1423.6667
1085.2391	1431.2778
1086.4346	1423.0624
1087.6299	1439.8569
1088.8253	1458.8113
1090.0208	1406.6442
1091.2162	1459.3174
1092.4116	1485.3536
1093.6071	1512.4194
1094.8025	1500.8677
1095.9979	1475.8696
1097.1934	1511.988
1098.3888	1516.7279
1099.5842	1548.918
1100.7797	1548.0168
1101.9751	1569.3605
1103.1705	1573.1649
1104.3658	1515.2635
1105.5613	1535.6785
1106.7567	1547.9767
1107.9521	1572.8766
1109.1476	1610.9918
1110.343	1587.5857
1111.5385	1600.4899
1112.7339	1582.3759
1113.9293	1559.7065
1115.1248	1543.0275
1116.3202	1554.7561
1117.5156	1532.1326
1118.7111	1516.6554
1119.9065	1535.7759
1121.1019	1518.599
1122.2972	1535.8679
1123.4927	1500.9713
1124.6881	1582.3132
1125.8835	1569.609
1127.079	1584.5046
1128.2744	1563.2675
1129.4698	1526.8011
1130.6653	1552.1963
1131.8607	1609.397
1133.0562	1615.9468
1134.2516	1574.8633
1135.447	1616.1179
1136.6425	1562.1383
1137.8379	1546.8612
1139.0332	1652.9456
1140.2286	1627.4114
1141.4241	1564.772
1142.6195	1625.6481
1143.8149	1663.1079
1145.0104	1658.6949
1146.2058	1634.3702
1147.4012	1674.0226
1148.5967	1681.8995
1149.7921	1644.5563
1150.9875	1639.937
1152.183	1647.235
1153.3784	1628.2094
1154.5739	1587.3818
1155.7693	1633.3862
1156.9646	1580.0217
1158.16	1573.0313
1159.3555	1594.5034
1160.5509	1581.7543
1161.7463	1561.7777
1162.9418	1553.8011
1164.1372	1519.1328
1165.3326	1461.5717
1166.5281	1470.0986
1167.7235	1411.611
1168.9189	1425.8795
1170.1144	1361.1097
1171.3098	1347.1173
1172.5052	1303.8947
1173.7007	1257.1989
1174.896	1247.0896
1176.0914	1225.5426
1177.2869	1212.9438
1178.4823	1158.6224
1179.6777	1126.369
1180.8732	1087.6625
1182.0686	1084.916
1183.264	1098.3649
1184.4595	1025.797
1185.6549	1008.0051
1186.8503	1004.8625
1188.0458	985.97302
1189.2412	954.3598
1190.4366	944.12006
1191.632	940.73889
1192.8274	933.68848
1194.0228	906.25208
1195.2183	885.38953
1196.4137	911.65558
1197.6091	905.53723
1198.8046	889.94495
1200	898.64246
